      0/49     7.39G    0.1188   0.07488         0    0.1937       235       992   0.06738    0.3033   0.06823   0.01431    0.1088     0.108         0
      1/49     7.34G   0.08492   0.06837         0    0.1533       596       992   0.09274    0.4539    0.1506   0.03278   0.09346    0.1199         0
      2/49     7.34G   0.07804   0.06511         0    0.1432       710       992    0.1501     0.658     0.432    0.1231   0.06754    0.1201         0
      3/49     7.34G   0.07028   0.06261         0    0.1329       481       992    0.2226    0.6657    0.4947    0.1376   0.06776    0.1176         0
      4/49     7.34G   0.06457   0.06031         0    0.1249       369       992      0.21    0.7825    0.5495    0.1934   0.06052    0.1158         0
      5/49     7.34G   0.06464    0.0617         0    0.1263       704       992    0.1611     0.573    0.2664    0.0654   0.06895    0.1213         0
      6/49     7.34G   0.06486   0.06095         0    0.1258       581       992    0.3561    0.7886    0.7279    0.2591   0.05495    0.1164         0
      7/49     7.34G   0.06089   0.05979         0    0.1207       539       992    0.2914    0.7112    0.6247    0.1947   0.06302    0.1118         0
      8/49     7.34G   0.05791   0.05868         0    0.1166       472       992    0.3369    0.7233    0.6518    0.2024   0.06171    0.1141         0
      9/49     7.34G   0.05904    0.0594         0    0.1184       310       992    0.4008    0.8023     0.759    0.2754   0.05589    0.1161         0
     10/49     7.34G   0.05913   0.05816         0    0.1173       661       992    0.3511    0.8495    0.7944    0.2998   0.05172    0.1165         0
     11/49     7.34G   0.05554   0.05992         0    0.1155       338       992    0.4806    0.8427     0.815    0.3188   0.05107    0.1147         0
     12/49     7.34G   0.05352   0.05751         0     0.111       386       992    0.4852    0.8438    0.8183    0.3248   0.04991    0.1143         0
     13/49     7.34G   0.05112   0.05699         0    0.1081       313       992     0.519    0.8409    0.8233    0.3289   0.04704    0.1135         0
     14/49     7.34G   0.05021   0.05751         0    0.1077       193       992    0.5518    0.8308     0.823    0.3282   0.04762    0.1143         0
     15/49     7.34G    0.0493   0.05824         0    0.1075       540       992    0.5466    0.8519      0.84    0.3438   0.04688    0.1131         0
     16/49     7.34G   0.04827   0.05465         0    0.1029       368       992    0.5364    0.8466    0.8341    0.3339   0.04645    0.1138         0
     17/49     7.34G   0.04875   0.05673         0    0.1055       577       992     0.562     0.832    0.8262    0.3286   0.04644    0.1141         0
     18/49     7.34G   0.04828   0.05635         0    0.1046       484       992    0.5991    0.8507    0.8508    0.3526   0.04589    0.1131         0
     19/49     7.34G   0.04723   0.05477         0     0.102       488       992    0.5702    0.8524    0.8449    0.3476   0.04624    0.1125         0
     20/49     7.34G   0.04663   0.05505         0    0.1017       392       992    0.5973     0.844    0.8393    0.3388   0.04681    0.1128         0
     21/49     7.34G   0.04745   0.05712         0    0.1046       340       992    0.5789    0.8541    0.8487    0.3514   0.04499    0.1126         0
     22/49     7.34G    0.0463   0.05465         0     0.101       537       992    0.6006    0.8544    0.8519    0.3493   0.04529    0.1129         0
     23/49     7.34G   0.04651   0.05483         0    0.1013       625       992    0.6032    0.8457    0.8451    0.3474   0.04493    0.1126         0
     24/49     7.34G   0.04665   0.05556         0    0.1022       462       992    0.5889    0.8575    0.8548     0.355   0.04506    0.1125         0
     25/49     7.34G   0.04616   0.05566         0    0.1018       615       992     0.607    0.8536    0.8525      0.35   0.04537    0.1129         0
     26/49     7.34G   0.04613   0.05503         0    0.1012       394       992    0.6258     0.855    0.8585    0.3582   0.04424    0.1125         0
     27/49     7.34G   0.04563   0.05458         0    0.1002       628       992    0.6136    0.8589    0.8591    0.3568   0.04432    0.1121         0
     28/49     7.34G   0.04581   0.05497         0    0.1008       641       992    0.6048    0.8633    0.8627    0.3638   0.04383    0.1119         0
     29/49     7.34G   0.04564   0.05447         0    0.1001       423       992    0.6246    0.8599    0.8632     0.364   0.04445    0.1119         0
     30/49     7.34G   0.04519   0.05411         0    0.0993       520       992    0.6111    0.8636    0.8638    0.3646   0.04447     0.112         0
     31/49     7.34G   0.04533   0.05447         0    0.0998       522       992    0.6217    0.8535     0.855    0.3485   0.04493     0.113         0
     32/49     7.34G   0.04526   0.05571         0     0.101       580       992    0.6391    0.8605    0.8646    0.3661   0.04447    0.1118         0
     33/49     7.34G   0.04449   0.05348         0   0.09797       516       992    0.6145    0.8676    0.8669    0.3654   0.04421    0.1121         0
     34/49     7.34G   0.04463   0.05387         0    0.0985       452       992    0.6353    0.8633    0.8674    0.3675    0.0444    0.1124         0
     35/49     7.34G   0.04469   0.05343         0   0.09812       475       992    0.6151    0.8692    0.8681    0.3612   0.04426    0.1119         0
     36/49     7.34G   0.04485   0.05522         0    0.1001       800       992    0.6385    0.8692    0.8741    0.3769   0.04399    0.1112         0
     37/49     7.34G   0.04423   0.05406         0   0.09829       521       992    0.6372     0.866    0.8701    0.3667   0.04422    0.1123         0
     38/49     7.34G   0.04431   0.05247         0   0.09679       772       992    0.6348    0.8701    0.8732    0.3724   0.04392    0.1116         0
     39/49     7.34G   0.04409   0.05359         0   0.09768       427       992    0.6324    0.8743    0.8763     0.373    0.0441     0.112         0
     40/49     7.34G   0.04426   0.05621         0    0.1005       755       992    0.6313    0.8605    0.8638    0.3587   0.04492    0.1131         0
     41/49     7.34G   0.04466   0.05571         0    0.1004       682       992    0.6268    0.8736    0.8756    0.3722   0.04418    0.1121         0
     42/49     7.34G   0.04461   0.05528         0   0.09989       428       992    0.6363    0.8709    0.8747    0.3748   0.04451     0.112         0
     43/49     7.34G   0.04403   0.05413         0   0.09815       504       992    0.6231    0.8666     0.868    0.3629   0.04405    0.1126         0
     44/49     7.34G   0.04415   0.05461         0   0.09876       678       992     0.641    0.8692    0.8718    0.3682   0.04376    0.1123         0
     45/49     7.34G   0.04401   0.05382         0   0.09783       438       992    0.6345    0.8699     0.873    0.3665     0.044    0.1122         0
     46/49     7.34G   0.04418   0.05444         0   0.09862       706       992    0.6371    0.8687    0.8737    0.3703   0.04399    0.1125         0
     47/49     7.34G    0.0439   0.05367         0   0.09758       684       992    0.6411    0.8696    0.8743    0.3716    0.0441    0.1122         0
     48/49     7.34G   0.04447   0.05241         0   0.09688       505       992    0.6385    0.8728    0.8772    0.3747   0.04422    0.1117         0
     49/49     7.34G   0.04429   0.05555         0   0.09984       547       992    0.6405    0.8525    0.8576    0.3529   0.04462    0.1128         0
