      0/19     4.91G   0.06673   0.05926         0     0.126       696       640         0         0 7.409e-05  2.13e-05   0.06003    0.1284         0
      1/19     4.91G   0.05997   0.06611         0    0.1261       653       640         0         0 0.0001129 2.262e-05   0.06175     0.111         0
      2/19     4.91G   0.05783   0.05846         0    0.1163       537       640  0.000153 0.0007198  0.000162 2.911e-05   0.06228    0.1681         0
      3/19     4.91G   0.05535   0.05019         0    0.1055       555       640  0.003668  0.004399   0.01423  0.003389   0.05473    0.0808         0
      4/19     4.91G   0.05279   0.04526         0   0.09805      1010       640   0.01216   0.02927   0.01599  0.004343   0.05053   0.07859         0
      5/19     4.91G   0.04934   0.04426         0    0.0936       577       640   0.02157   0.02879   0.01976  0.005826   0.04613    0.0773         0
      6/19     4.91G   0.04693   0.04243         0   0.08936       635       640   0.03994    0.1324   0.02744  0.007873     0.048   0.07815         0
      7/19     4.91G   0.04279   0.04188         0   0.08467       741       640   0.04653   0.08926   0.01993  0.005666   0.04035   0.07049         0
      8/19     4.91G   0.04074   0.04065         0   0.08139       655       640   0.09485    0.1323   0.04086   0.01191   0.03855   0.07102         0
      9/19     4.91G   0.03888   0.03803         0   0.07691       799       640   0.05956    0.1327   0.03067   0.01028   0.03635   0.07291         0
     10/19     4.91G   0.03732   0.03717         0   0.07449       481       640    0.1012    0.1624   0.04251   0.01347   0.03694   0.06615         0
     11/19     4.91G   0.03656   0.03621         0   0.07278       518       640   0.09961    0.1351   0.04438   0.01539   0.03442   0.06326         0
     12/19     4.91G   0.03586   0.03629         0   0.07215       697       640    0.1141    0.1572   0.05362   0.01856   0.03395   0.06332         0
     13/19     4.91G   0.03532   0.03452         0   0.06985       606       640    0.1189    0.1651   0.05822   0.02138   0.03395   0.06291         0
     14/19     4.91G   0.03453   0.03605         0   0.07059       830       640    0.1017    0.1484   0.05427   0.02073    0.0328   0.06221         0
     15/19     4.91G   0.03461    0.0352         0   0.06981       509       640     0.107    0.1575    0.0536   0.01965   0.03257   0.06191         0
     16/19     4.91G   0.03416   0.03459         0   0.06875       916       640    0.1102     0.148   0.05997   0.02253    0.0323   0.06132         0
     17/19     4.91G   0.03385   0.03461         0   0.06846       735       640    0.1211    0.1624   0.06509    0.0255   0.03258   0.06144         0
     18/19     4.91G   0.03364   0.03366         0    0.0673       412       640    0.1164    0.1559   0.06699   0.02753   0.03184   0.06066         0
     19/19     4.91G   0.03339   0.03312         0   0.06651       389       640    0.1129    0.1609    0.0656   0.02671   0.03182   0.06088         0
